0.005535526118065495 0.004869931798213528 0.009640024423819237 0.00398247270507758 0.30472017289152187 0.002873148838657643 0.006644849984485432 0.07586665924908945 0.004648067024929547 0.004980864184855529 0.01973487160824059 0.0034278107718676083 0.006312052824559463 0.1459759276068293 0.039369904043873465 0.0027622164520156502 0.12589716562462852 0.012413334089869048 0.1601752730970045 0.004648067024929542 0.008974430103967267 0.025947085260192237 0.0030950136119416256 0.006422985211201455 0.011082145450165127 
0.007148431460074476 0.00777274861210651 0.13575776477867307 0.016825347316570986 0.010894334372266664 0.00652411430804245 0.01807398162063506 0.013079444404378774 0.05303574213442878 0.013079444404378771 0.009645700068202607 0.005587638579994404 0.008709224340154557 0.005899797156010419 0.014015920132426819 0.011830810100314719 0.5437490236316059 0.017137505892587016 0.0071484314600744805 0.04117371624582024 0.007148431460074481 0.012142968676330735 0.017449664468603063 0.007460590036090499 0.008709224340154555 
0.00294458696410154 0.002312098120748701 0.006388137333467001 0.0017498858155461682 0.21370392487689835 0.0016796092773958518 0.0013985031247945887 0.0028040338878009157 0.002382374658899015 0.09704487154737422 0.4716890964267075 0.0013985031247945882 0.003998735036356269 0.0027337573496505996 0.04412663832018652 0.003858181960055644 0.0018904388918467995 0.0029445869641015455 0.001890438891846803 0.0029445869641015407 0.002171545044448065 0.12093889451848158 0.0016796092773958516 0.0020309919681474327 0.003295969654853123 
0.005610049927251496 0.009395973173851135 0.004577525405451604 0.002627201308718477 0.008478173598917896 0.002512476361851819 0.002627201308718477 0.0033155509899184103 0.0038891757242516764 0.006872024342784703 0.007560374023984632 0.0019388516275185412 0.004462800458584953 0.0025124763618518194 0.00893707338638451 0.004233350564851648 0.3337233979658842 0.18733436576403337 0.003889175724251674 0.3004531633745543 0.0032008260430517535 0.08236103938104372 0.0021683015212518512 0.002856651202451786 0.004462800458584952 
0.01243632249583521 0.002733080004343307 0.012112881079452171 0.008878466915621523 0.005967494168173958 0.0037034042534925026 0.005158890627216303 0.01987547507264577 0.0038651249616840308 0.004350287086258639 0.028770114023180044 0.0025713592961517746 0.003218242128917899 0.004673728502641702 0.00806986337466388 0.2512978084947283 0.009201908332004596 0.004512007794450172 0.00483544921083324 0.004673728502641706 0.5731220177958773 0.00709953912551469 0.0041885663780671005 0.007261259833706224 0.007422980541897744 
0.016238583048079108 0.005237927051819482 0.0267346217968039 0.0019074532180894854 0.004026845657735838 0.0018065297685825176 0.003421304960694024 0.003724075309214928 0.0021093001171034217 0.0030176111626661426 0.003522228410200993 0.0018065297685825187 0.009274865032098229 0.0019074532180894856 0.0024120704656243317 0.0028157642636522048 0.5274158548008787 0.35190997610825914 0.0019074532180894865 0.0063480849963961465 0.005641620849847358 0.005237927051819478 0.002008376667596455 0.0025129939151312987 0.007054549142944929 
0.007962860188507647 0.0044305394557637235 0.16136650343910108 0.0033203815111870483 0.016541353396600008 0.004632386354777666 0.009476711931112183 0.004935156703298569 0.0029166877131591743 0.005742544299354338 0.022697683816525146 0.0016046828695685793 0.015834889250051238 0.003421304960694021 0.0034213049606940256 0.002815764263652202 0.37815007298007125 0.00957763538061914 0.011898874719279433 0.003219458061680081 0.002613917364638265 0.30669627072913713 0.005540697400340393 0.002613917364638269 0.008568400885549471 
0.005540697400340393 0.00432961600625675 0.1603572689440313 0.003522228410200988 0.013513649911390944 0.004834233253791605 0.008770247784563387 0.00493515670329857 0.0027148408141452357 0.0049351567032985735 0.018660745836246377 0.0026139173646382652 0.01240349196681429 0.002714840814145233 0.0032194580616800796 0.003118534612173113 0.37915930747514087 0.010990563673716725 0.012100721618293373 0.003118534612173108 0.0030176111626661448 0.31880708466997326 0.00432961600625675 0.003320381511187048 0.008972094683577339 
0.013340332207114789 0.006441453277812844 0.01169060028923822 0.005241648246629879 0.005316636061078805 0.0034419406998554367 0.002167147854223549 0.009440965855770212 0.005991526391119225 0.00389186758654905 0.011915563732585026 0.001642233153081007 0.009815904928014877 0.005541599504425636 0.013715271279359455 0.019564320806376358 0.7006786394460488 0.003741891957651185 0.0017172209675299416 0.002617074740917156 0.11172434476411693 0.006966367978955376 0.020914101466457176 0.01049079525805527 0.011990551547033969 
0.0014866132743391125 0.0027374852761219226 0.017266844681445424 0.009184287131464174 0.3661158017940314 0.0044213514323680324 0.0021120492752305185 0.09260782755805683 0.001775276043981301 0.001149840043089892 0.0014385028127320814 0.0013422818895180183 0.008895624361821978 0.0028818166609430205 0.0027374852761219252 0.004421351432368038 0.0017271655823742702 0.0029780375841570784 0.43399966312155264 0.0011017295814828596 0.011397368365387623 0.007837194206467285 0.0037959154314766144 0.014043443753774344 0.002545043429693796 
0.0026482858948337273 0.0036156962575678926 0.025745208305112 0.003131991076200812 0.16601971090156664 0.004945885506327357 0.004945885506327368 0.012927020998884249 0.0036156962575678926 0.021029082786782935 0.0034947699622261234 0.0030110647808590406 0.013773505066276642 0.0038575488482514237 0.0033738436668843534 0.0033738436668843534 0.004824959210985593 0.005066811801669132 0.6412600515947277 0.0030110647808590406 0.003615696257567891 0.04327952112966882 0.0065179273457703826 0.0026482858948337273 0.010266642501365282 
0.004811100248144533 0.009788100470205388 0.11340019600219875 0.0036045547397661644 0.11415428694493526 0.005112736625239125 0.012050373298414851 0.008430736773279683 0.007073373076353999 0.004509463871049937 0.0033029183626715726 0.0033029183626715726 0.005112736625239126 0.004057009305408053 0.04342055651625272 0.004057009305408052 0.004358645682502644 0.0046602820595972394 0.4326823011568276 0.003152100174124275 0.005866827567975608 0.1741799259867597 0.004207827493955342 0.018233919028854 0.006470100322164799 
0.007725852854924926 0.004633037466137444 0.0064887266994099295 0.017870287330147845 0.19694429834094268 0.02053010856450508 0.015457891326893618 0.454513963919164 0.00840627224045816 0.02807657811314655 0.002529923001761945 0.0017257910006772007 0.14164475918942274 0.007231002392718937 0.004942319005016197 0.016076454404651105 0.0016020783851257018 0.002962917156192193 0.005251600543894947 0.0032103423872951904 0.002715491925089193 0.020777533795608056 0.008901122702664153 0.015272322403566362 0.00450932485058594 
0.002272228820407503 0.006658770907142728 0.0030618063960198482 0.0023599596621422083 0.0017458437699992733 0.0017458437699992724 0.006044655014999791 0.010080273734796209 0.06736851338755853 0.006746501748877431 0.003237268079489258 0.002447690503876913 0.008764311108775647 0.00393911481336689 0.002798613870815732 0.009027503633979752 0.005693731648060968 0.7123656618211092 0.06833355264664027 0.004904154072448635 0.0035881914464280713 0.02297670746979788 0.004904154072448643 0.0032372680794892574 0.03569767952133006 
0.0038807185320589616 0.0018349389963539613 0.13017629190976582 0.022960743997715853 0.0747314914318832 0.004235598655599627 0.002127193215740396 0.004590478779140284 6.450468174235062E-4 0.22526328971727913 0.007596522178543566 4.3629380357605653E-4 0.002127193215740396 0.1393196739162842 0.0028787040655912106 7.49423324347231E-4 0.3116870374501227 0.001647061283891258 0.0013965576672743188 0.0025446992434352963 0.0020436920102014115 7.702986257319762E-4 0.0011460540506573827 0.0542736960748332 9.373010368099341E-4 
0.010543222642517678 0.0035450008836517164 0.012608271686117507 0.002512476361851821 0.10622382832930793 0.2650031547927584 0.361601560054481 0.0044628004585849585 0.0021683015212518525 0.006183674661584766 0.08327883895597693 0.0022830264681185093 0.008478173598917881 0.0030861010961850993 0.0034302759367850657 0.0021683015212518547 0.0033155509899184072 0.0029713761493184434 0.012493546739250813 0.0022830264681185093 0.00320082604305175 0.07031491996004484 0.007560374023984644 0.007560374023984636 0.01272299663298413 
0.009860791622230324 0.013702658483931405 0.0014181706175044684 0.003931984736889136 0.0016078924378353867 0.007299547047762932 0.18269736994369692 0.0035051106411445694 0.005070315658874645 0.05012924798746769 0.0017976142581663049 0.07123580049928237 0.0012758792522562796 0.19673678464818473 0.24772452386211916 0.1264922806706623 0.0017501838030835753 0.003694832461475488 0.0016553228929181165 0.004833163383460997 0.003362819275896381 0.005165176569040104 0.0039794151919718655 0.04970237389172313 0.0013707401624217387 
0.0022143376402971996 0.009652460152049711 0.0017013636739694373 0.003411276895061981 0.003240285572952727 0.0019578506571333214 0.0015303723518601856 0.008455520897284938 0.003667763878225864 0.0028128072676795934 0.006745607676192424 0.0014448766908055578 0.0027273116066249704 0.004351729166662877 0.4056683621570806 0.0038387552003351167 0.006574616354083169 0.0027273116066249673 0.004095242183498993 0.49843115440135005 0.0035822682171712333 0.002214337640297205 0.011618860356306117 0.004693711810881384 0.002641815945570338 
0.059602317719887735 0.009162532841816583 0.007411730391503371 0.0024094376763227603 0.0016590937690456663 0.002993038493093831 0.0027429238573348004 0.050848305468321614 0.002409437676322758 0.0061611572127082195 0.010496477565864748 0.0017424653142986749 0.007828588117768421 0.009329275932322604 0.0039934970361299536 0.0020759514953107177 0.002326066131069748 0.7817666427014627 0.0040768685813829635 0.007328358846250359 0.005160698669672097 0.005494184850684139 0.001825836859551687 0.003493267764611893 0.007661845027262402 
0.003950143841495852 0.006506871228623793 0.04754234579202751 0.004844998426990632 0.042428891017771635 0.003950143841495858 0.01698945351584841 0.12692873116235054 0.006251198489911001 0.0972706934716662 0.0024161074092190833 0.002543943778575483 0.004972834796347022 0.007273889444762189 0.005356343904416211 0.007018216706049399 0.0217193991820351 0.005228507535059815 0.42759987188859766 0.0039501438414958545 0.004844998426990627 0.08384787468924444 0.007657398552831386 0.024915308415945046 0.03399169064024932 
0.12072195044567842 0.009471808301630639 0.3858415802586239 0.001964129997431091 0.045190156597367845 0.18419595792663782 0.005755886716723792 0.018496189293547228 0.00454252456655013 0.00302582187883305 0.01144352179566284 0.0016607894598876674 0.057930459174191345 0.0049217002384794005 0.003177492147604762 0.032449854020544344 0.002570811072517924 0.006514238060582337 0.0022674705349745063 0.0029499867444471974 0.001964129997431086 0.00659007319496819 0.0022674705349745037 0.003101657013218907 0.08098434002749097 
0.19110466164783355 0.1102049700424678 0.4338762922411548 0.008336658819209372 0.015882459650561894 0.0020243062006741162 0.004273535294634949 0.03663341193678123 0.0026047524184704563 0.0018791946462250312 0.006885543274718515 0.0012987484284286875 0.0038382006312876965 0.008989660814230254 0.013850897888274637 0.006232541279697623 0.0027498639729195418 0.006014873948024001 0.0020968619778986564 0.0016615273145514043 0.003330310190715883 0.12341012149733478 0.0016615273145514037 0.008409214596433906 0.002749863972919542 
0.014015920132426833 0.008709224340154559 0.005587638579994404 0.007148431460074483 0.006836272884058467 0.004651162851946364 0.00933354149218659 0.005899797156010424 0.03243327611737178 0.6395817064685227 0.005899797156010424 0.008709224340154557 0.007148431460074483 0.0068362728840584645 0.16166692658800225 0.008397065764138541 0.010582175796250657 0.00496332142796238 0.004963321427962376 0.008084907188122525 0.008709224340154557 0.00496332142796238 0.009645700068202602 0.008709224340154554 0.006524114308042456 
0.004168138479746383 0.12818470823098263 0.0017276259729898083 0.0011496098529685105 0.0021129700530040066 0.0014707299196470092 0.008021579279888372 0.004232362493082089 0.0019202980129969073 0.023949134587141947 0.015407340813493878 0.001791849986325508 0.003140554266375203 0.00474615459976768 0.006993995066517172 0.014187084560115562 0.04957451590808609 0.005195722693117575 0.001791849986325508 0.4901512473909862 0.0012138338663042103 0.20653800450053625 0.008471147373238275 0.003140554266375202 0.01071898783998777 
5.410624970117702E-4 4.13378132771512E-4 0.004467356697399729 0.002089235413424908 0.21833866679983233 0.0010517999539728033 5.889441336018672E-4 0.25099394295427835 0.0013550503190434171 4.612597693616089E-4 6.527863157219962E-4 3.176148595913184E-4 0.00938320472064964 7.96431225492287E-4 0.0010039183173827066 4.1337813277151215E-4 5.251019514817382E-4 8.921944986724806E-4 0.4074392102396548 6.208652246619318E-4 8.283523165523514E-4 0.09244188365893768 0.001402931955633514 0.0020413537768348105 9.400761352625774E-4 
0.0023700863055702197 0.002906999057019486 0.0047478427762740905 0.002753595413748269 0.0023700863055702175 0.0057449664575369985 0.002983700878655094 0.002753595413748265 0.021545541714472496 0.016866730594700348 0.002063279019027781 0.019244487065404204 0.01418216683745403 0.0016030680892141205 0.006128475565715043 0.0039041227382823965 0.7156970275167335 0.00597507192244383 0.007662511998427245 0.0022933844839346114 0.022849472682277834 0.005821668279172615 0.11634899325608525 0.008352828393147728 0.002830297235383877 
0.00828893657732209 0.003722410600064406 0.012025185104169259 0.005382965500885388 0.004552688050474896 0.00953435275293781 0.004691067625543312 0.002615373999517087 0.08924098799234467 0.20547983104981304 0.0033072718748591657 0.002753753574585504 0.006766761251569531 0.1710233168577778 0.3758250879590313 0.020604718758410953 0.020604718758410936 0.0049678267756801415 0.0033072718748591587 0.00469106762554331 0.023095551109642426 0.003030512724722334 0.003999169750201236 0.00773541827704843 0.002753753574585503 
0.005130778422323026 0.010274101507244428 0.01591921221020693 0.0031236279501585724 0.005758012944874418 0.0027472872366277375 0.004503543899771634 0.005005331517812748 0.010148654602734135 0.010775889125285524 0.007012481989977198 0.001994605809566067 0.0068870350854669206 0.002998181045648294 0.0041272031862408 0.005005331517812748 0.845123251023147 0.004754437708792192 0.00563256604036414 0.004628990804281913 0.0027472872366277375 0.014664743165104164 0.007137928894487471 0.004628990804281913 0.009270526271162182 
0.0021032606045925813 0.0016804946586375684 0.0018918776316150753 0.0039000158749013946 0.0022089520910813336 0.0023146435775700876 0.0024203350640588425 0.0031601754694801126 0.0024203350640588394 0.0026317180370363474 0.0023146435775700898 0.003054483982991361 0.0017861861451263232 0.004956930739788932 0.00242033506405884 0.9369444585976161 0.0037943243884126397 0.002103260604592583 0.0022089520910813336 0.0026317180370363474 0.0039000158749013954 0.002103260604592582 0.0022089520910813327 0.002526026550547595 0.002314643577570089 
0.0053392990879614 0.0062341536726095515 0.012498135765146615 0.02383296050402326 0.009515287149652763 0.008918717426554007 0.24366890346592054 0.02174496647317757 0.009813572011202162 0.008023862841905852 0.06678598056713494 0.025026099950220804 0.014884414657541688 0.05425801638206073 0.007427293118807085 0.008322147703455232 0.011603281180498469 0.006532438534158939 0.027412378842615947 0.006532438534158945 0.00832214770345523 0.005637583949510779 0.06887397459798067 0.33196122248453874 0.00683072339570833 
0.0071152818414839634 0.005571063751393258 0.0027201995850719596 0.006640137813763745 0.010441290035525437 0.001888697536561593 0.01697452041667838 0.01673694840281831 0.003314129619722226 0.0042644176751626675 0.004501989689022779 0.0039080596543724965 0.003789273647442447 0.0033141296197222213 0.0029577715989320672 0.0034329156266522864 0.00497713371674299 0.012460652153336334 0.005095919723673047 0.8516837911141659 0.00307655760586212 0.012817010174126496 0.004501989689022776 0.004383203682092722 0.003432915626652281 
0.0071484314600744866 0.015576713012506925 0.016825347316570993 0.03805213048566006 0.021507725956811267 0.041173716245820176 0.013079444404378783 0.015888871588522934 0.008709224340154564 0.00589979715601042 0.007148431460074483 0.01370376155641081 0.021507725956811278 0.011830810100314715 0.009021382916170575 0.05584516931857288 0.00839706576413854 0.013391602980394789 0.007148431460074481 0.006836272884058469 0.017137505892587016 0.010894334372266667 0.23533635052778198 0.38392383271140584 0.014015920132426845 
0.0057996708091263 0.01010510324577359 0.027580093723930364 0.009345321051071132 0.009598581782638617 0.008079017393233698 0.017956185924365764 0.012890971293015963 0.004533367151288851 0.012637710561448478 0.006306192272261289 0.004533367151288853 0.01162466763517852 0.00605293154069379 0.5338482961273409 0.012131189098313507 0.012131189098313492 0.07468658979548337 0.00833227812480118 0.022008357629445592 0.006812713735396263 0.13420286171384324 0.011118146172043552 0.006812713735396256 0.030872483234307645 
0.004260286002991892 0.0034821515811105956 0.05795156111280162 0.05678435947997968 0.05814609471827197 0.029938721925074845 0.006594689268635779 0.006205622057695127 0.005622021241284157 0.009123626139750037 0.010874428588982967 0.003287617975640273 0.009512693350690675 0.01320883185462686 0.007761890901457736 0.6226826177931555 0.01573776872574111 0.0038712187920512398 0.03324579321807035 0.003287617975640275 0.007372823690517086 0.005232954030343511 0.004454819608462208 0.012430697432745571 0.008929092534279714 
0.030112701039605217 0.0070659744669637455 0.006812713735396263 0.01263771056144847 0.005293149345991321 0.0055464100775588126 0.014157274950853409 0.005799670809126305 0.008079017393233695 0.2393060653143511 0.005293149345991322 0.004280106419721362 0.020235532508473156 0.3872103325497646 0.050120298833436834 0.08684310491072278 0.008838799587936161 0.005799670809126303 0.006052931540693797 0.006559453003828776 0.0042801064197213615 0.004786627882856337 0.004786627882856344 0.06404963906964879 0.006052931540693804 
0.004790345446147117 0.024616710804185454 0.005159780825489436 0.004913490572594554 0.01020873100983457 0.004913490572594554 0.005898651584174103 0.0054060710783843295 0.7006834550006473 0.03840896496629907 0.0034357490552252286 0.002081152664303363 0.006021796710621541 0.04395049565643398 0.05934363646236433 0.007622683354438315 0.005406071078384321 0.0060217967106215445 0.004913490572594554 0.005898651584174102 0.009593005377597373 0.014888245814837428 0.011809617653651313 0.010331876136282022 0.0036820393081201147 
0.0026034863481443297 0.0026935723802599923 0.0045853790546890125 0.004134948894110676 0.0018827980912189993 0.10061708928999004 0.19538759507567152 0.0022431422196816644 0.001522453962756332 0.0017927120591033343 0.40582856609786927 0.004134948894110668 0.003504346669300997 0.07088869869181992 0.0035944327014166668 0.019179316257427068 0.0023332282517973314 0.005666411440077015 0.003414260637185332 0.003864690797763667 0.002693572380259998 0.004225034926226339 0.0020629701554503287 0.09467141117035602 0.05647493355331322 
0.035735543962109345 0.00498596267623419 0.08778812670308923 0.0016603810011160264 0.01655320328534079 8.892316271755809E-4 0.001274806314145804 0.0046967816610065235 9.133300451112196E-4 0.0029134987337692494 0.010046630442718332 5.75952194012274E-4 0.0013230031500170816 0.0018049715087298615 0.05477329413126403 0.00325087658486819 0.0678828334882516 0.6362440205002936 0.0010820189706606902 0.0068415408572783795 0.0013711999858883601 0.0014434952396952772 0.0010097237168537755 0.002696612972348499 0.05224296024802193 
0.0037892736474424453 0.005689849758323317 0.004977133716742997 0.004264417675162672 0.007471639862274112 0.12186256453591585 0.023626536804761417 0.004145631668232611 0.007471639862274118 0.0024826275712118533 0.2317396209462153 0.0027201995850719618 0.29137019642510237 0.005927421772183426 0.008184355903854449 0.0029577715989320664 0.021963532707740673 0.024576824860201872 0.16367523897529462 0.005571063751393268 0.006640137813763748 0.0319415572898652 0.004145631668232612 0.005689849758323319 0.007115281841483967 
0.001290456335148839 0.0014459330006478916 0.001445933000647893 0.008908812944602483 0.002326967438475868 0.5770205486781458 0.002067839662644113 0.27207898207933484 0.0020160141074777598 0.0035189552073019476 0.0018087118868123548 8.240263386516734E-4 0.08322665905315038 0.007664999620610055 0.0052810240829578815 0.0012386307799824876 0.005799279634621397 0.0012904563351488396 0.003726257427967351 0.0011868052248161357 0.0030525252108047894 0.0019123629971450563 0.006732139627615712 0.0027933974349730302 0.001342281890315191 
0.0021976160823927817 0.004780555975504079 0.06317193487059382 0.011555480285304204 0.002239959359329033 0.16644718731810934 0.004187750098396568 0.2812821543692216 0.001774183313030274 0.0016048102052852705 0.0030444816211177973 0.005966167729719101 0.02629094065911938 0.06308724831672134 0.2022695996061775 0.015197002101821755 0.0036796307751615583 0.0027480786825640415 0.05914932356165002 0.004357123206141573 0.001985899697711526 0.002197616082392782 0.006601316883762862 0.004695869421631577 0.05948806977714001 
0.18946263061410587 0.2638816599330965 0.004282518394581225 0.02382322057159227 0.07094005385821678 0.0032780897780058976 0.00263890793109433 0.007478427629139115 0.002912843008342145 0.0019997260841827552 0.0033694014704218414 0.0022736611614305752 0.003278089778005898 0.012044012249936096 0.32716066277734224 0.003004154700758084 0.002730219623510268 0.002456284546262453 0.0019084143917668193 0.002730219623510266 0.0020910377765986973 0.004739076856660924 0.006473999012563769 0.0507601698342943 0.004282518394581227 
0.003949257105179522 0.003328548722004238 0.029863832102747595 0.002785428886725864 0.010699460772210732 0.6384684018061133 0.0018543663119629386 0.004337199844664075 0.004104434200973343 0.0052682624194269985 0.0020871319556536702 0.0013112464766845656 0.20614501292452803 0.004414788392560985 0.010001163841138541 0.0022423090514474913 0.0018543663119629386 0.005190673871530089 0.004492376940457895 0.0016991892161691176 0.0019319548598598494 0.03669162431767569 0.002164720503550581 0.004725142584148627 0.010389106580623095 
0.0027127235375200517 0.003463650462552374 0.0022433942093748487 0.007124419222084952 0.00749988268460112 0.7407800249786635 0.001961796612487728 0.00552869950639127 0.0029004552687781366 0.002431125940632931 0.0028065894031490918 0.001586333149971562 0.15618341384100093 0.011254517309762721 0.0026188576718910116 0.0030881870000362146 0.004308443253213743 0.0029943211344071762 0.012944102891085447 0.0022433942093748505 0.0029943211344071784 0.010597456250359443 0.003088187000036217 0.004214577387584703 0.00243112594063293 
0.005255077439387453 0.0020090362952033883 0.01981839716734849 0.002623152187346322 0.002184497978672798 0.002009036295203388 0.0063078475402039095 0.001921305453468683 0.0027986138708157326 0.011571698044286196 0.006746501748877426 0.042628416018371695 0.002359959662142208 0.010431197101735038 0.004290038180305705 0.0027108830290810283 0.004026845655101595 0.35714348363728904 0.0017458437699992735 0.495319559369449 0.003500460604693369 0.002359959662142208 0.0014826512447951585 0.003939114813366891 0.0048164232307139326 
0.12394073696512965 0.0013118906022411233 0.0028821071397254518 0.00840319109410579 0.0011599341631297376 0.0013625427486115857 0.0029834114324663774 0.0014131948949820466 0.0038444979207642284 0.010429276948924275 0.29352412301343644 0.0010079777240183524 0.0018690642123162069 0.0037938457743937645 0.001666455626834352 0.0017171077732048175 0.33566670879366084 0.0017677599195752805 0.0018184120659457434 0.18558439909798183 0.0017677599195752795 0.002527542115132214 0.0031860200179482227 0.0016664556268343549 0.004705584409062074 
0.07510556022980042 0.005680252472598615 0.014125072238199308 0.0018578603681688077 0.003102360123099444 0.009769323095942112 0.0025690030852720262 0.0031023601230994427 0.0019467532078067072 0.0027467887645478317 0.001591181849255099 0.0018578603681688047 0.004880216915857491 0.0015911818492550978 0.0015911818492550973 0.00630250235006393 0.001946753207806709 0.8035823810624113 0.02239210632452424 0.013591715200371885 0.0041690741987542735 0.003991288519478464 0.001946753207806711 0.0021245388870825147 0.008435930501373569 
0.002212450840985583 0.01100671142429369 0.00249016433309005 0.0030455913172989916 0.0020273085129159374 0.002490164333090052 0.0024901643330900495 0.0020273085129159365 0.8008238829693956 0.003971302957647215 0.0021198796769507605 0.0035084471374730985 0.0029530201532641637 0.005822726238343661 0.1119092802222499 0.0035084471374730954 0.00424901644975168 0.0023050220050204067 0.004063874121682036 0.003693589465542748 0.0020273085129159387 0.0076741495190401025 0.0019347373488811125 0.008414718831318673 0.0032307336453686318 
0.0037841732226915926 0.009016797495315514 0.002798316475675489 0.0031774921476047584 0.0013574489223442522 0.0019641299974310885 0.001888294863045232 0.001509119191115959 0.7143593824181436 0.0031016570132189015 0.0018124597286593767 0.0831835589246807 0.0022674705349745063 0.02160542980336725 0.12185947746146619 0.0037083380883057354 0.002267470534974502 0.0015849543255018136 0.002494975938132069 0.0020399651318169414 0.0019641299974310876 0.005528381313566232 0.001964129997431087 0.002570811072517925 0.002191635400588649 
0.003004154700758082 0.004921700241492801 0.003004154700758085 0.0018171026993508796 0.0021823494690146363 0.16380404504522691 0.0033694014704218436 0.006108752242900013 0.0018171026993508812 0.005469570395988437 0.003004154700758082 0.0017257910069349443 0.012135323942352045 0.003004154700758082 0.0019997260841827574 0.0027302196235102637 0.00510432362632468 0.30917225937140225 0.07157923570512839 0.002273661161430575 0.0018171026993508803 0.1814272016815032 0.01934894764321124 0.003004154700758083 0.18617540968713203 
0.003606653072892664 0.002206011112901363 0.003256492582894834 0.004073533726223105 0.0024394514395665763 0.0038400933995578826 0.003956813562890489 0.0022060111129013644 0.03126933178272087 0.8973329437106757 0.003489932909560055 0.0018558506229035413 0.004306974052888322 0.0030230522562296183 0.002672891766231796 0.003139772419562226 0.0034899329095600513 0.003723373236225272 0.0029063320928970123 0.003023052256229618 0.0037233732362252766 0.002439451439566579 0.0033732127462274423 0.002089290949568756 0.002556171602899188 
0.008555025499238452 0.023918492777434096 0.005805773459982438 0.0058057734599824265 0.00790814266647234 0.004673728502641702 0.008716746207429986 0.006290935584557033 0.019066871531688116 0.00790814266647235 0.10202959483394401 0.002733080004343303 0.008393304791046934 0.004188566378067104 0.008393304791046944 0.024727096318391754 0.14811999666853068 0.1309776016002284 0.0032182421289179025 0.3826150235462524 0.0032182421289179025 0.02650602410849861 0.02828495189860547 0.00871674620743001 0.019228592239879595 
0.013989560072893517 0.013691275211344167 0.005041014226412007 0.6001193130174359 0.005935868811060171 0.007129008257257709 0.014287844934442935 0.007427293118807087 0.021744966473177575 0.006830723395708326 0.006532438534158944 0.006830723395708326 0.006234153672609552 0.1273378074616602 0.04262490678163464 0.005339299087961392 0.03516778524290001 0.013989560072893538 0.006234153672609556 0.019656972442331878 0.006532438534158937 0.004444444503313232 0.008023862841905843 0.007129008257257718 0.007725577980356471 
8.736875574450153E-4 0.002537854324270349 0.00485892902536884 0.005406352303929807 0.0035451131568225245 0.014493578728041846 0.0012678323180089091 0.01869778950739003 0.004004948710813734 0.014997208144317927 0.31564207272999983 7.204090394479458E-4 0.004158227228810806 0.014624960314896487 0.013135968997210666 0.0010926568688693996 0.025310662712406482 0.0027349267045522945 0.004727547438514209 0.0020342249079942603 9.393783508723301E-4 0.4176160810603365 0.005515836959641998 0.10230027260922057 0.018763480300817346 
0.0016590937690456654 0.00232606613106975 0.003910125490876943 0.002409437676322759 0.00240943767632276 0.0016590937690456667 0.0024094376763227573 0.0032431531288528623 0.0019092084048046968 0.0030764100383468425 0.0019925799500577074 0.0014923506785396439 0.003409896219358882 0.0019925799500577074 0.00290966694784082 0.003493267764611893 0.3213055982690869 0.618525157096068 0.0040768685813829635 0.002242694585816738 0.002409437676322758 0.0019925799500577056 0.003076410038346841 0.0019925799500577074 0.004076868581382961 
0.0033072718748591683 0.0035840310249959932 0.0034456514499275797 0.0030305127247223346 0.0027537535745855014 0.11760880088136974 0.004691067625543308 0.00662838167650112 0.21821075195610712 0.02060471875841093 0.007735418277048428 0.0023386148493802555 0.5396665048400345 0.0033072718748591665 0.00372241060006441 0.006490002101432706 0.0030305127247223307 0.003584031024995991 0.003860790175132825 0.0030305127247223325 0.004829447200611727 0.014239258305263893 0.007597038701980019 0.00496782677568014 0.007735418277048424 
0.004835449210833227 0.004188566378067105 0.0028948007125348383 0.029578717564137717 0.004997169919024767 0.005967494168173963 0.012436322495835215 0.007099539125514684 0.003218242128917901 0.2053691273683333 0.003865124961684039 0.0059674941681739655 0.003379962837109434 0.12709630460363158 0.005805773459982435 0.1497372037504462 0.011142556830302963 0.004026845669875571 0.002733080004343304 0.005805773459982438 0.38407050991997627 0.0032182421289178994 0.0038651249616840355 0.005644052751790905 0.003056521420726368 
0.003825959932501533 0.0040085833173334135 0.004465141779413103 0.0019997260841827587 0.0017257910069349443 0.0017257910069349441 0.0019084143917668195 0.0017257910069349441 0.0024562845462624498 0.0035520248552537177 0.007478427629139111 0.001360544237271186 0.00346071316283778 0.0020910377765986973 0.002547596238678388 0.0018171026993508818 0.002091037776598696 0.5723325569141386 0.0029128430083421412 0.3542802354248759 0.002364972853846513 0.0035520248552537124 0.0019084143917668204 0.003917271624917472 0.010491713478865124 
0.0026153739995170896 0.00676676125156953 0.004414308475406482 0.012717082979511327 0.013408980854853399 0.4104199817261352 0.004275928900338064 0.005244585925816971 0.05187850272387264 0.03873244309237326 0.20008302762214492 0.004275928900338064 0.042607071194288866 0.005382965500885391 0.008427316152390481 0.03942434096771534 0.003722410600064406 0.0037224106000644077 0.003307271874859163 0.006490002101432708 0.014377637880332314 0.0927004773690551 0.0048294472006117275 0.0023386148493802538 0.017837127257042666 
0.015720344228168825 0.01440276692404016 0.011932309478798904 0.0029563140944223335 0.00509737721363144 0.003368057001962543 0.004026845654026892 0.002544571186882126 0.0022151768608499652 0.0032857084204545054 0.005097377213631439 0.0022975254423580017 0.003944497072518844 0.00435623998005905 0.07081154525704911 0.0072384403328405456 0.6740972533849652 0.004356239980059061 0.002132828279341921 0.0030386626759303795 0.12524395763386495 0.013002841038403438 0.001885782534817797 0.0020504796978338792 0.014896858413088418 
0.02037827945766826 0.006606816035100669 0.0031203695990076074 0.0031203695990076074 0.003643336564421566 0.006432493713296015 0.005386559782468097 0.003643336564421566 0.7225485916868102 0.14519306186979986 0.004514948173444832 0.0031203695990076074 0.005212237460663444 0.003991981208030872 0.0038176588862262194 0.011313518723826263 0.008350039253147194 0.003469014242616913 0.0031203695990076074 0.007129783000514612 0.003643336564421566 0.0032946919208122604 0.010616229436607645 0.0032946919208122604 0.005037915138858791 
0.0018760548068302426 0.005094391474842021 0.006271831719236575 0.0016405667579513315 0.002268534888295093 0.009647160419834325 0.004623415377084199 0.0021115428557091525 0.00485890342596311 0.0018760548068302422 0.007763256028803014 0.0011695906601935115 0.008783704240611648 0.0038384552141544977 0.004780407409670139 0.016711801886201645 0.8565406802046897 0.003210487083810735 0.027544252134631502 0.0033674791163966753 0.007527767979924114 0.011688056843451545 0.002268534888295092 0.0018760548068302422 0.0026610149697599435 
0.06380504610902384 0.014133438620649379 0.0045149481532474126 0.0019308760873782214 0.003294691899920294 0.0022897749854156085 0.0038689301367801137 0.004586727932854891 0.01973226143003265 0.0077450382355839 0.02145497614061211 0.0011412985116959675 0.0017873165281632655 0.003007572781490384 0.002361554765023087 0.0030075727814903833 0.0851954204320522 0.6296450487547692 0.0073861393375465045 0.0058069841861820085 0.002002655866985699 0.1001256145904074 0.002433334544630565 0.003222912120312817 0.0055198650677521 
0.006135062388653072 0.006362567791810629 0.2635195084942415 0.005149205641636961 0.04261176202824882 0.06384559965628792 0.005300875910408671 0.04261176202824885 0.005983392119881354 0.24296818707567497 0.034649072917734114 0.0024191408037462156 0.02175710007213894 0.0832593940590666 0.03298069996124532 0.004770029969707693 0.09607553177027589 0.0018882948630452314 0.005755886716723795 0.0027983164756754876 0.0025708110725179262 0.0064384029261964825 0.0018882948630452314 0.015083608246183806 0.0031774921476047553 
0.007848116594529862 0.00833182177589695 0.0030110647808590406 0.0026482858948337273 0.00373662255290966 0.003373843666884354 0.005671443278377991 0.0028901384855172696 0.004824959210985588 0.808984823233764 0.004462180324960285 0.0024064333041501846 0.003857548848251431 0.0025273595994919564 0.0026482858948337273 0.003252917371542583 0.00409940143893497 0.046786383694580214 0.00663885364111216 0.03783783783928913 0.0028901384855172696 0.021875566854175323 0.0030110647808590406 0.0027692121901754982 0.0036156962575678926 
0.005396153343730021 0.026926715019374454 0.2869150037051892 0.002873744444491324 0.003504346669300998 0.0019728841233346644 0.016746993390304072 0.010350885110091676 0.004225034926226345 0.0034142606371853255 0.26655556044704837 0.001522453962756334 0.038367641098064176 0.0033241746050696602 0.0024233142839129966 0.0068375298575806985 0.038637899194411136 0.010440971142207354 0.0031440025408383254 0.19935138048876086 0.005486239375845681 0.03971893157979916 0.004134948894110672 0.0047655511189203465 0.012963380041446006 
0.0019732162317801995 0.007416571316046172 0.0046330374661374425 0.0024062103862104466 0.03822101258836947 0.00587016362165244 0.008158847009355171 0.01787028733014787 0.0020350725395559487 0.013725914709172601 0.002529923001761945 0.0012927968462469537 0.011004237167039634 0.0024062103862104458 0.07527294094604342 0.002468066693986196 0.0020969288473316984 0.0019732162317801995 0.7326817799867096 0.002839204540640693 0.02850957226757675 0.023808492876619836 0.0017257910006772007 0.0026536356173134444 0.006426870391634187 
0.014795781410538887 0.0026768935921126563 0.0036740172733755678 0.0019098753757565631 0.0019098753757565625 0.0032905081651975316 0.006281879208986264 0.004287631846460434 0.002063279019027783 0.0029069990570194846 0.0035973154517399647 0.0012962608026716887 0.009886864825859912 0.001372962624307298 0.0023700863055702215 0.0014496644459429052 0.0022933844839346084 0.6195896450073157 0.0034439118084687503 0.003443911808468748 0.0012962608026716878 0.29468072855887617 0.0017564717324853416 0.0015263662675785157 0.008199424749876498 
0.006846603272079949 0.00452899427327393 0.0075225725633983834 0.002597653440935589 0.00288735456578634 0.00221138527446792 0.0025010863993186684 0.00636376806399536 0.0025976534409355868 0.006267201022378437 0.002790787524169422 0.0015354159831495056 0.0041427261068062585 0.00259765344093559 0.006846603272079942 0.10804886288660923 0.004239293148423181 0.00510839652297543 0.0036598908987216746 0.00414272610680626 0.7960890344071442 0.00327362273225401 0.005108396522975435 0.002114818232851004 0.005977499897527691 
0.008212455823979602 0.0025835318189632527 0.0028721945884512684 0.0041711770511473605 0.0031608573579392863 0.003449520127427305 0.003160857357939284 0.006047485052819472 0.0028721945884512667 0.003593851512171318 0.005758822283331458 0.0024392004342192425 0.004604171205379388 0.004315508435891363 0.010810420749371758 0.8450458245697389 0.01874864691029222 0.005181496744355425 0.00547015951384344 0.0047485025901233885 0.026975535840700702 0.004171177051147355 0.0033051887426832926 0.013841379828995914 0.004459839820635373 
0.0036010183015079246 0.007581578355005282 0.1662485535106905 0.021004397140054504 0.22558666965701168 0.011747280736572276 0.007489007190970456 0.03914834529087955 0.0039713029576472145 0.06858597545395308 0.03368664661282505 0.0016570238567766428 0.1157972691117124 0.015912983118139278 0.0044341587778213235 0.0025827354971248743 0.20355473261672405 0.004341587613786498 0.02405924555320363 0.0068410090427267044 0.0034158759734382797 0.004341587613786499 0.006285582058517765 0.0034158759734382806 0.014709557985686591 
0.029062320234762164 0.004057526381553615 0.05882262702937839 0.002063279019027783 0.013952061372547198 0.004364333668096051 0.0024467881272058306 0.0068187919604355334 0.0020632790190277827 0.003827420916646788 0.003904122738282396 0.0014496644459429063 0.0022166826622989993 0.0013729626243072974 0.0037507190950111734 0.0014496644459429065 0.003290508165197533 0.010423777577309178 0.17648322141840267 0.0030604027002907055 0.00812272292824089 0.007125599246977979 0.0019865771973921714 0.0016797699108497318 0.6462051771148721 
0.010228396030912452 0.11445467629456411 0.006968073120834831 0.005303227379518587 0.0025284844773248907 0.08646445726868494 0.004019908787254013 0.030900230652255667 0.5273364201409897 0.031143020656197642 0.0018347987517764593 0.0010717444536731862 0.0027712744812668413 0.0016266930341119305 0.08580545582941394 0.010956766042738294 0.0029446959126539505 0.0025978530498797334 0.0047829630853572745 0.00540728023835086 0.03194075924057834 0.019870627616035662 0.005858175959957331 0.0011411130262280285 0.002042904469440989 
0.02088092805067988 0.003369038642013152 0.009769323095942105 0.0015022890096171948 0.0031023601230994427 0.002124538887082514 0.0017689675285309052 0.0026578959249099303 0.002391217405996222 0.0032801458023752486 0.00674696654825344 0.0014133961699792914 0.002569003085272027 0.0015911818492550965 0.0019467532078067079 0.0029245744438236385 0.002391217405996222 0.002746788764547834 0.00336903864201315 0.009235966058114681 0.0030134672834615413 0.002480110245634125 0.00203564604744461 0.001591181849255099 0.9050980039288964 
0.004743840943407044 0.0038267539456239325 0.01208053692567194 0.006327900303214239 0.005244070214925105 0.027337529706972726 0.30129642740836426 0.3703280668778569 0.004493726307648012 0.0023260661310697483 0.007328358846250361 0.0026595523120817874 0.004076868581382962 0.0027429238573348012 0.014498311738009237 0.0023260661310697487 0.009662762113334649 0.004743840943407045 0.1834924339658609 0.0038267539456239325 0.0026595523120817887 0.002742923857334799 0.010079619839599699 0.005911042576949187 0.0052440702149251055 
0.004126273957929174 0.00396056014583535 0.003960560145835348 0.0029662772732724153 0.0037948463337415307 0.004126273957929172 0.02633192477850152 0.004126273957929172 0.016057668428684495 0.053177562337700844 0.0029662772732724153 0.002800563461178596 0.011749109314245077 0.002800563461178596 0.30771397771381304 0.0064462673272426985 0.01638909605287213 0.0034634187095538794 0.005949125890961223 0.4938105886951762 0.004126273957929172 0.005617698266773577 0.005286270642585931 0.0037948463337415307 0.00445770158211682 
